north: 4192500
south: 4147000
east: 520000
west: 482500
rows: 91
cols: 75
north: 4192500
south: 4147000
east: 520000
west: 482500
rows: 91
cols: 75
0000000000000000000000000000000000000000000000000000000000000
0000000000000000000000000000000000000000000000000000000000000000000000
00000000000000000000000000000000000000000000000000000000000000000000000
000000000000000000000000000000000000000000000000000000000000000000000000
000000000000000000000000000000000000000000000000000000000000000000000000
0000000000000000000000000000000000000000000000000000000000000000000000
0000000000000000000000000000000000000000000000000000000000000000000000
000000000000000000000000000000000000000000000000000000000000000000000000000
000000000000000000000000000000000000000000000000000000000000000000000
0000000000000000000000000000000000000000000000000000000000000000000
000000000000000000000000000000000000000000000000000000000000000000000
00000000000000000000000000000000000000000000000000000000000000000000
00000000000000000000000000000000000000000000000000000000000000000000
000000000000000000000000000000000000000000000000000000000000000000000
000000000000000000000000000000000000000000000000000000000000000000000
00000000000000000000000000000000000000000000000000000000000000000000000000
000000000000000000000000000000000000000000000000000000000000000000000000000
000000000000000000000000000000000000000000000000000000000000000000000000000
000000000000000000000000000000000000000000000000000000000000000000000000000
000000000000000000000000000000000000000000000000000000000000000000000000000
000000000000000000000000000000000000000000000000000000000000000000000000000
000000000000000000000000000000000000000000000000000000000000000000000000000
000000000000000000000000000000000000000000000000000000000000000000000000000
000000000000000000000000000000000000000000000000000000000000000000000000000
000000000000000000000000000000000000000000000000000000000000000000000000000
00000000000000000000000000000000000000000000000000000000000000000000000000
000000000000000000000000000000000000000000000000000000000000000000000000000
000000000000000000000000000000000000000000000000000000000000000000000000000
000000000000000000000000000000000000000000000000000000000000000000000000000
000000000000000000000000000000000000000000000000000000000000000000000000000
000000000000000000000000000000000000000000000000000000000000000000000000000
000000000000000000000000000000000000000000000000000000000000000000000000000
000000000000000000000000000000000000000000000000000000000000000000000000000
000000000000000000000000000000000000000000000000000000000000000000000000000
000000000000000000000000000000000000000000000000000000000000000000000000000
000000000000000000000000000000000000000000000000000000000000000000000000000
00000000000000000000000000000000000000000000000000000000000000000000000000
00000000000000000000000000000000000000000000000000000000000000000000000000
00000000000000000000000000000000000000000000000000000000000000000000000
0000000000000000000000000000000000000000000000000000000000000000000
000000000000000000000000000000000000000000000000000000000000000000000
00000000000000000000000000000000000000000000000000000000000000000000000
00000000000000000000000000000000000000000000000000000000000000000000000000
000000000000000000000000000000996402341031020000000000000000000000000000000000000000
000000000000000000000000000001488999101459029932576000000000000000000000000000000000000000
00000000000000000000000000001164133912658307924703432846760000000000000000000000000000000000000
00000000000000000000000000016910431126112711387117144352952337721000000000000000000000000000000000000
000000000000000000000000000507789101810319468146736264052162060000000000000000000000000000000000000
000000000000000000000000652504726179469749667797356476435382901780000000000000000000000000000000000000
000000000000000000000004021741559288594393390884860861961660644825736000000000000000000000000000000000000
000000000000000000000092223545647928328878548748066475835885815443832269900000000000000000000000000000000000
00000000000000000000002193164667597378298177887628266745545565385284753231941270000000000000000000000000000000000
0000000000000000000020187292381708690731767757711754666562526531478499467414256167102000000000000000000000000000000000
000000000000000000075128264351329613678801699685676621573511500502495443449389338214148113936800000000000000000000000000000
0000000000000000005410718932632548761264966665964561855352848247548447139941139432924819614910569437000000000000000000000000000
0000000000000000028111162293296390506617618627626587548524468451446447425409349363345296209174119684620000000000000000000000000
000000000000000049214026126734540954457057758555053950346443142040941540232627632632932026218215087330000000000000000000000000
000000000000000066112123237308360476525524536506507478438425398398386375377276166242299303291228158124733000000000000000000000000
00000000000000028881012112823194254644814864754614274364013773703693523473493360592162682752431991379847000000000000000000000000
0000000000000004677184254281391400443427437428394412399341348344343317330320309001551942402502101701117000000000000000000000000
0000000000000075116222724236136539140641340533736437869319317315314309301291281001091291692172261811478343000000000000000000000000
000000000000010771362002183323343353733553653053113363282932922872842822812742612561791114586103188198192156124782000000000000000000000000
000000000000050110178200220277302332330328278274310307267265266256246250253236234150167154965565721691751581301025500000000000000000000000
000000000000780154179181236267292301292254251167280274234240236223209224225211208201231401287630422115015112010183419000000000000000000000
000000000000521291601692042412612722552252262072522502442122121941911862001861841810829411696431305612812783746127000000000000000000000
0000000000267210514015017221223824723520120717921322521920018717716515017317416016223005867946624009810499454036000000000000000000000
000000000042831201261431802142172131931861541791991941881711591381321331491471381340003035666829000787869106600000000000000000000
000000000056959812215118719019216616212914917017115615013711110010310512312011310500046374036500475446400000000000000000000000
000000000186965891211551531711401381041191371481251251221117351769297938814000000159130002629148000000000000000000000
00000000043436393125111461181147691043998969186444446686867410000000000000000000000000000000000000
00000000111137679478689489514300055077665852193742461615000000000000000000000000000000000000
0000000005396353476968235000000515336291715241400000000000000000000000000000000000000
00000000063529264339000000000034279000000000000000000000000000000000000000000
00000000002319600000000000012000000000000000000000000000000000000000
000000000000000000000000000000000000000000000000000000000000000
000000000000000000000000000000000000000000000000000000000000
000000000000000000000000000000000000000000000000000000
000000000000000000000000000000000000000000000000
00000000000000000000000000000000000000000000
0000000000000000000000000000000000000000000000
000000000000000000000000000000000000000000000
0000000000000000000000000000000000000000000000
00000000000000000000000000000000000000000
000000000000000000000000000000000000
000000000000000000000000000000000
00000000000000000000000
0000000000000000000
00000000000000
000000000
0000000

